0         MT
1      25.00
2        NaN
3      12.00
4        NaN
5        NaN
6      14.50
7      10.50
8        NaN
9        NaN
10      7.50
11     11.00
12      7.50
13      9.50
14     16.00
15     20.50
16     21.50
17     19.50
18     14.00
19     17.50
20       NaN
21      5.00
22      8.50
23     13.50
24     21.50
25     22.00
26     20.50
27      5.50
28     17.50
29     21.00
30     21.50
31     18.00
32     21.50
33     23.50
34     20.50
35     12.50
36     18.50
37     19.00
38     19.50
39     15.00
40     14.50
41     13.00
42     14.00
43     17.50
44     14.00
45     15.00
46       NaN
47       NaN
48       NaN
49       NaN
50       NaN
51      8.50
52     15.50
53      8.00
54      8.50
55       NaN
56     13.50
57      8.50
58     14.00
59     18.50
60     10.50
61     14.00
62       NaN
63     14.00
64      6.00
65     17.00
66     21.00
67      5.50
68      9.50
69     17.50
70      6.00
71     15.50
72     12.00
73     18.00
74     12.50
75      9.00
76     13.50
77     13.50
78      6.00
79     18.50
80     17.00
81     14.00
82     16.50
83     17.00
84     16.00
85     17.00
86     22.00
87     16.00
88     16.50
89     20.50
90     18.50
91     15.00
92     19.00
93     17.00
94     18.50
95     14.00
96     12.50
97     17.50
98      8.00
99     15.00
100    17.50
101     7.00
102    20.00
103    12.00
104    13.50
105    22.00
106     5.50
107    13.83